#
# Copyright (c) Semi-ATE
# Distributed under the terms of the MIT License
#
# win-64/py38/cf-eng
#

{% set version = os.environ.get("MAXICONDA_ENV_RELEASE", "0.0.0") %}

package:
  name: cf-eng
  version: {{ version }}

source:
  path: .

build:
  number: 0
  string: py38

requirements:
  build:
    - python =3.8.12 =h900ac77_2_cpython
  run:
    - python =3.8.12 =h900ac77_2_cpython

    # 7 primary packages :
    - numpy =1.21.4 =py38h089cfbf_0
    - openpyxl =3.0.9 =pyhd8ed1ab_0
    - pandas =1.3.5 =py38h5d928e2_0
    - pyserial =3.5 =pyhd8ed1ab_0
    - pyusb =1.2.1 =pyhd8ed1ab_0
    - pyvisa-py =0.5.2 =pyh44b312d_0
    - spyder-kernels =2.2.0 =py38haa244fe_0

    # 51 secondary packages :
    - backcall =0.2.0 =pyh9f0ad1d_0
    - backports =1.0 =py_2
    - backports.functools_lru_cache =1.6.4 =pyhd8ed1ab_0
    - ca-certificates =2021.10.8 =h5b45459_0
    - cloudpickle =2.0.0 =pyhd8ed1ab_0
    - colorama =0.4.4 =pyh9f0ad1d_0
    - debugpy =1.5.1 =py38h885f38d_0
    - decorator =5.1.0 =pyhd8ed1ab_0
    - entrypoints =0.3 =pyhd8ed1ab_1003
    - et_xmlfile =1.0.1 =py_1001
    - importlib-metadata =4.8.2 =py38haa244fe_0
    - intel-openmp =2021.4.0 =h57928b3_3556
    - ipykernel =6.5.1 =py38h595d716_0
    - ipython =7.30.1 =py38haa244fe_0
    - jedi =0.18.1 =py38haa244fe_0
    - jupyter_client =7.1.0 =pyhd8ed1ab_0
    - jupyter_core =4.9.1 =py38haa244fe_1
    - libblas =3.9.0 =12_win64_mkl
    - libcblas =3.9.0 =12_win64_mkl
    - liblapack =3.9.0 =12_win64_mkl
    - libsodium =1.0.18 =h8d14728_1
    - libusb =1.0.24 =h8ffe710_105
    - matplotlib-inline =0.1.3 =pyhd8ed1ab_0
    - mkl =2021.4.0 =h0e2418a_729
    - nest-asyncio =1.5.4 =pyhd8ed1ab_0
    - openssl =3.0.0 =h8ffe710_2
    - parso =0.8.3 =pyhd8ed1ab_0
    - pickleshare =0.7.5 =py_1003
    - pip =21.3.1 =pyhd8ed1ab_0
    - prompt-toolkit =3.0.24 =pyha770c72_0
    - pygments =2.10.0 =pyhd8ed1ab_0
    - python-dateutil =2.8.2 =pyhd8ed1ab_0
    - python_abi =3.8 =2_cp38
    - pytz =2021.3 =pyhd8ed1ab_0
    - pyvisa =1.11.3 =py38haa244fe_2
    - pywin32 =302 =py38h294d835_2
    - pyzmq =22.3.0 =py38h09162b1_1
    - setuptools =59.6.0 =py38haa244fe_0
    - six =1.16.0 =pyh6c4a22f_0
    - sqlite =3.37.0 =h8ffe710_0
    - tbb =2021.4.0 =h2d74725_1
    - tornado =6.1 =py38h294d835_2
    - traitlets =5.1.1 =pyhd8ed1ab_0
    - typing_extensions =4.0.1 =pyha770c72_0
    - ucrt =10.0.20348.0 =h57928b3_0
    - vc =14.2 =hb210afc_5
    - vs2015_runtime =14.29.30037 =h902a5da_5
    - wcwidth =0.2.5 =pyh9f0ad1d_2
    - wheel =0.37.0 =pyhd8ed1ab_1
    - zeromq =4.3.4 =h0e60522_1
    - zipp =3.6.0 =pyhd8ed1ab_0

about:
  home: https://github.com/Semi-ATE/maxiconda-envs
  license: MIT
  license_file: ../../../../LICENSE
  summary: 'cf-eng meta package'
  dev_url: https://github.com/Semi-ATE/maxiconda-envs

extra:
  recipe-maintainers:
    - nerohmot
