#
# Copyright (c) Semi-ATE
# Distributed under the terms of the MIT License
#
# win-64/py36/cf-eng (created on linux-64)
#

{% set version = os.environ.get("MAXICONDA_ENV_RELEASE", "0.0.0") %}

package:
  name: cf-eng
  version: {{ version }}

source:
  path: .

build:
  number: 0
  string: py36

requirements:
  build:
    - python =3.6.13 =h39d44d4_0_cpython
  run:
    - python =3.6.13 =h39d44d4_0_cpython

    # 7 primary packages :
    - numpy =1.19.5 =py36h4b40d73_2
    - openpyxl =3.0.7 =pyhd8ed1ab_0
    - pandas =1.1.5 =py36he38d939_0
    - pyserial =3.5 =pyhd8ed1ab_0
    - pyusb =1.2.1 =pyhd8ed1ab_0
    - pyvisa-py =0.5.2 =pyh44b312d_0
    - spyder-kernels =2.1.0 =py36ha15d459_0

    # 50 secondary packages :
    - backcall =0.2.0 =pyh9f0ad1d_0
    - backports =1.0 =py36_1
    - backports.functools_lru_cache =1.6.4 =pyhd8ed1ab_0
    - cloudpickle =1.6.0 =py_0
    - colorama =0.4.4 =pyh9f0ad1d_0
    - dataclasses =0.8 =pyh787bdff_2
    - decorator =5.0.9 =pyhd8ed1ab_0
    - entrypoints =0.3 =py36h9f0ad1d_1002
    - et_xmlfile =1.0.1 =py36_1000
    - importlib-metadata =4.8.1 =py36ha15d459_0
    - importlib_metadata =4.8.1 =hd8ed1ab_0
    - intel-openmp =2021.3.0 =h57928b3_3372
    - ipykernel =5.5.5 =py36hfacbf0b_0
    - ipython =7.16.1 =py36h7b2dad6_2
    - ipython_genutils =0.2.0 =py36_0
    - jdcal =1.4.1 =py_0
    - jedi =0.17.2 =py36ha15d459_1
    - jupyter_client =7.0.2 =pyhd8ed1ab_0
    - jupyter_core =4.7.1 =py36ha15d459_0
    - libblas =3.9.0 =11_win64_mkl
    - libcblas =3.9.0 =11_win64_mkl
    - liblapack =3.9.0 =11_win64_mkl
    - libsodium =1.0.18 =h8d14728_1
    - libusb =1.0.24 =h8ffe710_4
    - mkl =2021.3.0 =hb70f87d_564
    - nest-asyncio =1.5.1 =pyhd8ed1ab_0
    - parso =0.7.1 =pyh9f0ad1d_0
    - pickleshare =0.7.5 =py36h9f0ad1d_1002
    - pip =21.2.4 =pyhd8ed1ab_0
    - prompt-toolkit =3.0.20 =pyha770c72_0
    - pygments =2.10.0 =pyhd8ed1ab_0
    - python-dateutil =2.8.2 =pyhd8ed1ab_0
    - python_abi =3.6 =2_cp36m
    - pytz =2021.1 =pyhd8ed1ab_0
    - pyvisa =1.11.3 =py36ha15d459_1
    - pywin32 =301 =py36h68aa20f_0
    - pyzmq =22.2.1 =py36h1d5d788_0
    - setuptools =57.4.0 =py36ha15d459_0
    - six =1.16.0 =pyh6c4a22f_0
    - tbb =2021.3.0 =h2d74725_0
    - tornado =6.1 =py36h68aa20f_1
    - traitlets =4.3.3 =py36h9f0ad1d_1
    - typing_extensions =3.10.0.0 =pyha770c72_0
    - ucrt =10.0.20348.0 =h57928b3_0
    - vc =14.2 =hb210afc_5
    - vs2015_runtime =14.29.30037 =h902a5da_5
    - wcwidth =0.2.5 =pyh9f0ad1d_2
    - wheel =0.37.0 =pyhd8ed1ab_1
    - zeromq =4.3.4 =h0e60522_1
    - zipp =3.5.0 =pyhd8ed1ab_0
about:
  home: https://github.com/Semi-ATE/maxiconda-envs
  license: MIT
  license_file: ../../../../LICENSE
  summary: 'cf-eng meta package'
  dev_url: https://github.com/Semi-ATE/maxiconda-envs

extra:
  recipe-maintainers:
    - nerohmot
