#
# Copyright (c) Semi-ATE
# Distributed under the terms of the MIT License
#
# win-64/py39/cf-eng
#

{% set version = os.environ.get("MAXICONDA_ENV_RELEASE", "0.0.0") %}

package:
  name: cf-eng
  version: {{ version }}

source:
  path: .

build:
  number: 0
  string: py39

requirements:
  build:
    - python =3.9.7 =h7840368_1_cpython
  run:
    - python =3.9.7 =h7840368_1_cpython

    # 7 primary packages :
    - numpy =1.21.2 =py39h6635163_0
    - openpyxl =3.0.8 =pyhd8ed1ab_0
    - pandas =1.3.3 =py39h2e25243_0
    - pyserial =3.5 =pyhd8ed1ab_0
    - pyusb =1.2.1 =pyhd8ed1ab_0
    - pyvisa-py =0.5.2 =pyh44b312d_0
    - spyder-kernels =2.1.1 =py39hcbf5309_0

    # 52 secondary packages :
    - backcall =0.2.0 =pyh9f0ad1d_0
    - backports =1.0 =py_2
    - backports.functools_lru_cache =1.6.4 =pyhd8ed1ab_0
    - ca-certificates =2021.5.30 =h5b45459_0
    - cloudpickle =2.0.0 =pyhd8ed1ab_0
    - colorama =0.4.4 =pyh9f0ad1d_0
    - debugpy =1.4.1 =py39h415ef7b_0
    - decorator =5.1.0 =pyhd8ed1ab_0
    - et_xmlfile =1.0.1 =py_1001
    - importlib-metadata =4.8.1 =py39hcbf5309_0
    - intel-openmp =2021.3.0 =h57928b3_3372
    - ipykernel =6.4.1 =py39h832f523_0
    - ipython =7.27.0 =py39h832f523_0
    - ipython_genutils =0.2.0 =py_1
    - jdcal =1.4.1 =py_0
    - jedi =0.18.0 =py39hcbf5309_2
    - jupyter_client =6.1.12 =pyhd8ed1ab_0
    - jupyter_core =4.8.1 =py39hcbf5309_0
    - libblas =3.9.0 =11_win64_mkl
    - libcblas =3.9.0 =11_win64_mkl
    - liblapack =3.9.0 =11_win64_mkl
    - libsodium =1.0.18 =h8d14728_1
    - libusb =1.0.24 =h8ffe710_4
    - matplotlib-inline =0.1.3 =pyhd8ed1ab_0
    - mkl =2021.3.0 =hb70f87d_564
    - openssl =1.1.1l =h8ffe710_0
    - parso =0.8.2 =pyhd8ed1ab_0
    - pickleshare =0.7.5 =py39hde42818_1002
    - pip =21.2.4 =pyhd8ed1ab_0
    - prompt-toolkit =3.0.20 =pyha770c72_0
    - pygments =2.10.0 =pyhd8ed1ab_0
    - python-dateutil =2.8.2 =pyhd8ed1ab_0
    - python_abi =3.9 =2_cp39
    - pytz =2021.1 =pyhd8ed1ab_0
    - pyvisa =1.11.3 =py39hcbf5309_1
    - pywin32 =301 =py39hb82d6ee_0
    - pyzmq =22.3.0 =py39he46f08e_0
    - setuptools =58.0.4 =py39hcbf5309_1
    - six =1.16.0 =pyh6c4a22f_0
    - sqlite =3.36.0 =h8ffe710_1
    - tbb =2021.3.0 =h2d74725_0
    - tornado =6.1 =py39hb82d6ee_1
    - traitlets =5.1.0 =pyhd8ed1ab_0
    - typing_extensions =3.10.0.0 =pyha770c72_0
    - tzdata =2021a =he74cb21_1
    - ucrt =10.0.20348.0 =h57928b3_0
    - vc =14.2 =hb210afc_5
    - vs2015_runtime =14.29.30037 =h902a5da_5
    - wcwidth =0.2.5 =pyh9f0ad1d_2
    - wheel =0.37.0 =pyhd8ed1ab_1
    - zeromq =4.3.4 =h0e60522_1
    - zipp =3.5.0 =pyhd8ed1ab_0

about:
  home: https://github.com/Semi-ATE/maxiconda-envs
  license: MIT
  license_file: ../../../../LICENSE
  summary: 'cf-eng meta package'
  dev_url: https://github.com/Semi-ATE/maxiconda-envs

extra:
  recipe-maintainers:
    - nerohmot
